U;[[[146.0, 295.0], [145.0, 293.0], [142.0, 284.0], [140.0, 268.0], [137.0, 248.0], [135.0, 227.0], [135.0, 207.0], [136.0, 188.0], [141.0, 173.0], [151.0, 161.0], [158.0, 154.0], [176.0, 142.0], [190.0, 139.0], [203.0, 139.0], [211.0, 140.0], [220.0, 146.0], [229.0, 156.0], [236.0, 170.0], [240.0, 187.0], [240.0, 207.0], [240.0, 222.0], [241.0, 236.0], [241.0, 246.0], [241.0, 252.0], [241.0, 257.0], [240.0, 261.0]]]
U;[[[125.0, 282.0], [125.0, 281.0], [125.0, 276.0], [125.0, 267.0], [125.0, 256.0], [128.0, 242.0], [131.0, 228.0], [136.0, 214.0], [144.0, 197.0], [145.0, 194.0], [155.0, 177.0], [169.0, 154.0], [183.0, 136.0], [190.0, 127.0], [198.0, 123.0], [203.0, 121.0], [209.0, 118.0], [216.0, 117.0], [225.0, 117.0], [235.0, 124.0], [241.0, 131.0], [248.0, 142.0], [251.0, 156.0], [253.0, 170.0], [253.0, 174.0], [254.0, 201.0], [254.0, 212.0], [251.0, 231.0], [248.0, 242.0], [246.0, 249.0], [246.0, 254.0], [246.0, 259.0], [245.0, 261.0], [245.0, 262.0]]]
U;[[[119.0, 267.0], [120.0, 266.0], [120.0, 262.0], [120.0, 256.0], [121.0, 246.0], [123.0, 233.0], [124.0, 222.0], [125.0, 216.0], [129.0, 198.0], [133.0, 188.0], [136.0, 181.0], [141.0, 173.0], [145.0, 167.0], [150.0, 164.0], [154.0, 162.0], [156.0, 161.0], [160.0, 161.0], [161.0, 161.0], [164.0, 161.0], [171.0, 167.0], [173.0, 167.0], [180.0, 177.0], [183.0, 184.0], [184.0, 189.0], [185.0, 196.0], [185.0, 202.0], [185.0, 207.0], [186.0, 216.0], [186.0, 222.0], [186.0, 229.0], [186.0, 235.0], [186.0, 240.0], [186.0, 245.0], [186.0, 246.0], [185.0, 246.0]]]
X;[[[119.0, 297.0], [121.0, 294.0], [126.0, 287.0], [136.0, 274.0], [151.0, 256.0], [169.0, 234.0], [191.0, 211.0], [214.0, 187.0], [236.0, 164.0], [248.0, 153.0], [268.0, 133.0], [275.0, 124.0], [281.0, 116.0], [285.0, 109.0], [286.0, 106.0], [286.0, 104.0]], [[248.0, 275.0], [247.0, 273.0], [243.0, 271.0], [240.0, 266.0], [233.0, 261.0], [223.0, 253.0], [208.0, 242.0], [190.0, 232.0], [168.0, 222.0], [148.0, 211.0], [133.0, 199.0], [121.0, 187.0], [117.0, 184.0], [108.0, 172.0], [107.0, 169.0], [106.0, 168.0], [105.0, 168.0]]]
X;[[[148.0, 266.0], [148.0, 264.0], [150.0, 261.0], [155.0, 253.0], [165.0, 241.0], [179.0, 224.0], [190.0, 208.0], [203.0, 192.0], [215.0, 177.0], [223.0, 167.0], [229.0, 157.0], [235.0, 151.0], [240.0, 144.0], [244.0, 141.0], [245.0, 141.0]], [[246.0, 249.0], [246.0, 248.0], [243.0, 247.0], [230.0, 234.0], [215.0, 223.0], [200.0, 212.0], [185.0, 198.0], [173.0, 186.0], [167.0, 177.0], [161.0, 168.0], [157.0, 164.0], [155.0, 161.0], [148.0, 157.0], [142.0, 153.0], [135.0, 149.0], [133.0, 149.0], [131.0, 147.0]]]
X;[[[145.0, 284.0], [145.0, 283.0], [145.0, 279.0], [150.0, 268.0], [160.0, 252.0], [174.0, 234.0], [190.0, 214.0], [204.0, 198.0], [218.0, 183.0], [226.0, 173.0], [231.0, 168.0], [234.0, 164.0], [234.0, 161.0], [235.0, 158.0]], [[244.0, 259.0], [243.0, 259.0], [242.0, 259.0], [237.0, 254.0], [228.0, 247.0], [216.0, 236.0], [201.0, 224.0], [186.0, 211.0], [176.0, 201.0], [156.0, 182.0], [145.0, 169.0], [140.0, 162.0], [136.0, 157.0], [131.0, 154.0]]]
T;[[[193.0, 291.0], [193.0, 289.0], [193.0, 288.0], [193.0, 279.0], [194.0, 266.0], [194.0, 254.0], [195.0, 239.0], [196.0, 224.0], [196.0, 212.0], [198.0, 199.0], [198.0, 188.0], [197.0, 179.0], [197.0, 174.0], [197.0, 172.0], [197.0, 171.0]], [[149.0, 289.0], [151.0, 289.0], [153.0, 288.0], [164.0, 286.0], [179.0, 283.0], [200.0, 278.0], [236.0, 271.0], [268.0, 264.0], [286.0, 263.0], [290.0, 263.0]]]
T;[[[171.0, 300.0], [171.0, 297.0], [173.0, 288.0], [173.0, 278.0], [173.0, 262.0], [174.0, 246.0], [175.0, 229.0], [175.0, 213.0], [175.0, 201.0], [176.0, 191.0], [176.0, 181.0], [178.0, 174.0], [179.0, 172.0]], [[131.0, 272.0], [133.0, 272.0], [136.0, 272.0], [144.0, 274.0], [154.0, 274.0], [168.0, 275.0], [181.0, 275.0], [194.0, 275.0], [205.0, 275.0], [216.0, 276.0], [221.0, 277.0], [224.0, 279.0]]]
T;[[[191.0, 310.0], [191.0, 309.0], [191.0, 308.0], [191.0, 301.0], [191.0, 287.0], [191.0, 274.0], [190.0, 257.0], [188.0, 238.0], [188.0, 221.0], [187.0, 202.0], [187.0, 184.0], [187.0, 172.0], [188.0, 161.0], [188.0, 158.0]], [[155.0, 307.0], [156.0, 309.0], [159.0, 309.0], [161.0, 309.0], [166.0, 310.0], [174.0, 310.0], [181.0, 310.0], [204.0, 310.0], [221.0, 309.0], [238.0, 308.0], [246.0, 306.0], [250.0, 304.0], [251.0, 304.0], [251.0, 303.0], [254.0, 303.0], [255.0, 303.0], [256.0, 303.0]]]
Z;[[[113.0, 308.0], [114.0, 308.0], [119.0, 308.0], [127.0, 308.0], [138.0, 309.0], [152.0, 309.0], [172.0, 309.0], [193.0, 308.0], [212.0, 306.0], [228.0, 305.0], [239.0, 305.0], [249.0, 305.0], [250.0, 302.0], [248.0, 300.0], [239.0, 295.0], [229.0, 287.0], [213.0, 280.0], [194.0, 270.0], [174.0, 261.0], [154.0, 253.0], [131.0, 243.0], [111.0, 233.0], [96.0, 223.0], [89.0, 217.0], [89.0, 215.0], [96.0, 215.0], [109.0, 212.0], [132.0, 210.0], [141.0, 208.0], [168.0, 206.0], [192.0, 206.0], [216.0, 206.0], [229.0, 206.0], [231.0, 206.0]]]
Z;[[[114.0, 273.0], [116.0, 273.0], [117.0, 273.0], [119.0, 274.0], [124.0, 274.0], [134.0, 275.0], [151.0, 276.0], [169.0, 279.0], [192.0, 279.0], [223.0, 279.0], [249.0, 278.0], [267.0, 277.0], [272.0, 275.0], [271.0, 275.0], [268.0, 271.0], [260.0, 265.0], [249.0, 255.0], [231.0, 243.0], [213.0, 233.0], [191.0, 222.0], [165.0, 210.0], [135.0, 196.0], [105.0, 183.0], [83.0, 173.0], [70.0, 165.0], [69.0, 160.0], [71.0, 158.0], [73.0, 157.0], [77.0, 157.0], [83.0, 157.0], [94.0, 158.0], [114.0, 158.0], [141.0, 158.0], [169.0, 158.0], [206.0, 157.0], [232.0, 157.0], [248.0, 158.0], [257.0, 159.0]]]
Z;[[[112.0, 278.0], [116.0, 279.0], [119.0, 280.0], [123.0, 281.0], [129.0, 283.0], [141.0, 283.0], [152.0, 283.0], [168.0, 282.0], [186.0, 282.0], [207.0, 282.0], [218.0, 282.0], [241.0, 282.0], [246.0, 282.0], [246.0, 281.0], [246.0, 280.0], [246.0, 277.0], [243.0, 273.0], [236.0, 268.0], [228.0, 262.0], [216.0, 255.0], [203.0, 247.0], [185.0, 240.0], [166.0, 232.0], [150.0, 225.0], [136.0, 218.0], [123.0, 212.0], [115.0, 207.0], [109.0, 205.0], [106.0, 202.0], [106.0, 201.0], [106.0, 200.0], [106.0, 198.0], [106.0, 197.0], [108.0, 197.0], [113.0, 196.0], [124.0, 196.0], [142.0, 195.0], [168.0, 193.0], [181.0, 192.0], [219.0, 191.0], [233.0, 190.0], [236.0, 190.0]]]
A;[[[141.0, 128.0], [141.0, 129.0], [141.0, 133.0], [141.0, 137.0], [144.0, 148.0], [145.0, 164.0], [147.0, 183.0], [150.0, 204.0], [154.0, 228.0], [156.0, 248.0], [161.0, 266.0], [164.0, 279.0], [169.0, 293.0], [174.0, 303.0], [177.0, 311.0], [179.0, 313.0], [180.0, 313.0], [180.0, 311.0], [182.0, 304.0], [185.0, 294.0], [187.0, 278.0], [191.0, 259.0], [197.0, 236.0], [202.0, 219.0], [207.0, 203.0], [212.0, 186.0], [215.0, 169.0], [217.0, 158.0], [217.0, 155.0], [219.0, 151.0]], [[77.0, 229.0], [79.0, 229.0], [87.0, 229.0], [104.0, 229.0], [130.0, 228.0], [165.0, 225.0], [196.0, 220.0], [214.0, 219.0], [240.0, 215.0], [252.0, 214.0]]]
A;[[[129.0, 185.0], [129.0, 186.0], [131.0, 188.0], [135.0, 197.0], [142.0, 208.0], [151.0, 222.0], [156.0, 239.0], [159.0, 257.0], [160.0, 272.0], [161.0, 288.0], [162.0, 302.0], [166.0, 313.0], [167.0, 321.0], [169.0, 322.0], [170.0, 319.0], [172.0, 310.0], [175.0, 298.0], [180.0, 283.0], [185.0, 263.0], [191.0, 239.0], [199.0, 218.0], [204.0, 203.0], [207.0, 194.0], [209.0, 192.0], [209.0, 194.0], [209.0, 196.0]], [[91.0, 268.0], [92.0, 268.0], [97.0, 268.0], [110.0, 266.0], [132.0, 265.0], [164.0, 264.0], [192.0, 263.0], [217.0, 263.0], [244.0, 260.0], [250.0, 258.0]]]
A;[[[132.0, 169.0], [134.0, 172.0], [135.0, 176.0], [139.0, 182.0], [142.0, 189.0], [149.0, 202.0], [154.0, 217.0], [160.0, 234.0], [165.0, 251.0], [172.0, 274.0], [177.0, 288.0], [180.0, 299.0], [182.0, 301.0], [182.0, 293.0], [184.0, 281.0], [189.0, 266.0], [194.0, 245.0], [199.0, 229.0], [205.0, 210.0], [207.0, 203.0], [215.0, 183.0], [217.0, 174.0], [219.0, 168.0], [221.0, 165.0], [221.0, 164.0]], [[129.0, 228.0], [130.0, 228.0], [134.0, 228.0], [137.0, 228.0], [142.0, 228.0], [166.0, 228.0], [176.0, 228.0], [226.0, 228.0], [250.0, 228.0], [265.0, 228.0]]]
A;[[[129.0, 173.0], [129.0, 176.0], [129.0, 177.0], [131.0, 178.0], [134.0, 182.0], [141.0, 189.0], [150.0, 199.0], [162.0, 212.0], [174.0, 226.0], [180.0, 238.0], [187.0, 262.0], [190.0, 278.0], [191.0, 292.0], [192.0, 291.0], [192.0, 290.0], [194.0, 285.0], [196.0, 274.0], [200.0, 258.0], [205.0, 240.0], [209.0, 223.0], [214.0, 205.0], [219.0, 191.0], [220.0, 185.0], [221.0, 180.0], [221.0, 179.0]], [[139.0, 227.0], [140.0, 227.0], [141.0, 227.0], [147.0, 227.0], [157.0, 227.0], [172.0, 228.0], [192.0, 228.0], [211.0, 228.0], [222.0, 228.0], [232.0, 228.0], [234.0, 228.0]]]
A;[[[114.0, 165.0], [115.0, 164.0], [117.0, 167.0], [122.0, 173.0], [126.0, 178.0], [137.0, 196.0], [147.0, 211.0], [156.0, 226.0], [164.0, 241.0], [169.0, 252.0], [174.0, 263.0], [176.0, 269.0], [179.0, 269.0], [180.0, 268.0], [184.0, 263.0], [194.0, 250.0], [202.0, 236.0], [211.0, 221.0], [219.0, 206.0], [224.0, 191.0], [229.0, 178.0], [235.0, 160.0], [240.0, 151.0], [241.0, 145.0]], [[103.0, 208.0], [105.0, 208.0], [110.0, 208.0], [121.0, 208.0], [142.0, 208.0], [166.0, 208.0], [190.0, 206.0], [226.0, 206.0], [231.0, 206.0], [255.0, 206.0]]]
A;[[[106.0, 189.0], [106.0, 191.0], [109.0, 194.0], [112.0, 203.0], [115.0, 211.0], [119.0, 217.0], [121.0, 227.0], [124.0, 238.0], [127.0, 252.0], [131.0, 263.0], [134.0, 272.0], [135.0, 279.0], [136.0, 279.0], [139.0, 274.0], [144.0, 265.0], [147.0, 254.0], [152.0, 241.0], [159.0, 226.0], [166.0, 213.0], [171.0, 200.0], [175.0, 190.0], [177.0, 181.0], [177.0, 180.0]], [[73.0, 232.0], [74.0, 232.0], [77.0, 232.0], [85.0, 232.0], [101.0, 232.0], [124.0, 232.0], [152.0, 232.0], [179.0, 232.0], [197.0, 232.0], [199.0, 232.0], [204.0, 232.0]]]
A;[[[163.0, 142.0], [163.0, 143.0], [163.0, 147.0], [164.0, 153.0], [165.0, 161.0], [167.0, 172.0], [174.0, 192.0], [179.0, 212.0], [185.0, 233.0], [189.0, 251.0], [190.0, 261.0], [191.0, 263.0], [191.0, 261.0], [195.0, 251.0], [201.0, 239.0], [207.0, 221.0], [215.0, 206.0], [219.0, 198.0], [224.0, 179.0], [226.0, 168.0], [227.0, 161.0], [227.0, 156.0], [227.0, 155.0]], [[152.0, 197.0], [154.0, 197.0], [155.0, 198.0], [159.0, 198.0], [166.0, 198.0], [175.0, 198.0], [186.0, 199.0], [200.0, 199.0], [211.0, 199.0], [216.0, 199.0], [217.0, 199.0], [219.0, 199.0]], [[207.0, 198.0], [209.0, 198.0], [210.0, 198.0], [214.0, 198.0], [217.0, 199.0], [221.0, 199.0], [225.0, 201.0], [230.0, 201.0], [236.0, 202.0], [240.0, 202.0], [241.0, 202.0]]]
A;[[[147.0, 134.0], [147.0, 136.0], [150.0, 137.0], [152.0, 143.0], [155.0, 149.0], [159.0, 156.0], [160.0, 161.0], [165.0, 176.0], [169.0, 187.0], [174.0, 198.0], [177.0, 209.0], [180.0, 218.0], [181.0, 222.0], [184.0, 223.0], [186.0, 221.0], [190.0, 215.0], [190.0, 213.0], [199.0, 193.0], [202.0, 179.0], [209.0, 165.0], [215.0, 153.0], [220.0, 144.0], [222.0, 143.0], [222.0, 141.0]], [[144.0, 176.0], [145.0, 177.0], [150.0, 177.0], [160.0, 177.0], [172.0, 177.0], [187.0, 177.0], [202.0, 177.0], [215.0, 177.0], [221.0, 177.0], [222.0, 177.0], [224.0, 177.0], [225.0, 177.0]]]
checkmark;[[[137.0, 247.0], [137.0, 248.0], [136.0, 248.0], [136.0, 243.0], [141.0, 233.0], [149.0, 219.0], [156.0, 205.0], [162.0, 193.0], [169.0, 181.0], [174.0, 178.0], [175.0, 179.0], [179.0, 188.0], [190.0, 206.0], [204.0, 226.0], [217.0, 247.0], [234.0, 266.0], [250.0, 284.0], [264.0, 298.0], [271.0, 302.0]]]
checkmark;[[[119.0, 207.0], [120.0, 206.0], [120.0, 204.0], [125.0, 193.0], [132.0, 175.0], [142.0, 156.0], [152.0, 140.0], [160.0, 131.0], [164.0, 128.0], [165.0, 128.0], [169.0, 137.0], [175.0, 154.0], [182.0, 173.0], [192.0, 193.0], [207.0, 216.0], [222.0, 233.0], [239.0, 247.0], [240.0, 248.0]]]
checkmark;[[[137.0, 249.0], [137.0, 248.0], [137.0, 243.0], [137.0, 233.0], [144.0, 216.0], [151.0, 201.0], [159.0, 186.0], [166.0, 174.0], [170.0, 172.0], [172.0, 179.0], [175.0, 196.0], [180.0, 213.0], [187.0, 231.0], [200.0, 248.0], [212.0, 262.0], [229.0, 272.0], [244.0, 277.0], [251.0, 279.0]]]
checkmark;[[[128.0, 177.0], [128.0, 176.0], [128.0, 174.0], [131.0, 165.0], [137.0, 153.0], [144.0, 139.0], [151.0, 125.0], [160.0, 115.0], [166.0, 110.0], [170.0, 109.0], [171.0, 109.0], [174.0, 116.0], [180.0, 128.0], [189.0, 143.0], [194.0, 151.0], [222.0, 187.0], [247.0, 214.0], [274.0, 242.0], [295.0, 263.0], [312.0, 281.0]]]
checkmark;[[[121.0, 233.0], [122.0, 233.0], [122.0, 231.0], [125.0, 225.0], [127.0, 215.0], [132.0, 200.0], [137.0, 186.0], [145.0, 170.0], [151.0, 159.0], [155.0, 155.0], [156.0, 158.0], [159.0, 169.0], [162.0, 178.0], [167.0, 186.0], [175.0, 199.0], [189.0, 213.0], [206.0, 227.0], [226.0, 239.0], [250.0, 251.0], [266.0, 258.0], [276.0, 263.0], [277.0, 264.0]]]
checkmark;[[[113.0, 144.0], [114.0, 144.0], [114.0, 146.0], [115.0, 147.0], [116.0, 148.0], [117.0, 149.0], [119.0, 151.0], [120.0, 151.0], [121.0, 150.0], [121.0, 149.0], [126.0, 139.0], [130.0, 133.0], [149.0, 106.0], [159.0, 95.0], [166.0, 90.0], [169.0, 89.0], [169.0, 91.0], [169.0, 92.0], [170.0, 102.0], [172.0, 109.0], [181.0, 124.0], [194.0, 148.0], [212.0, 184.0], [216.0, 192.0], [247.0, 242.0], [279.0, 279.0], [304.0, 298.0], [314.0, 302.0]]]
checkmark;[[[124.0, 229.0], [124.0, 228.0], [124.0, 226.0], [124.0, 221.0], [127.0, 214.0], [131.0, 205.0], [136.0, 195.0], [142.0, 186.0], [149.0, 176.0], [154.0, 170.0], [155.0, 169.0], [156.0, 169.0], [157.0, 171.0], [161.0, 179.0], [170.0, 191.0], [182.0, 204.0], [196.0, 218.0], [212.0, 232.0], [231.0, 243.0], [249.0, 252.0], [259.0, 256.0]]]
checkmark;[[[169.0, 153.0], [169.0, 151.0], [170.0, 145.0], [174.0, 138.0], [177.0, 130.0], [181.0, 121.0], [186.0, 118.0], [189.0, 118.0], [192.0, 121.0], [205.0, 137.0], [222.0, 161.0], [241.0, 189.0], [264.0, 222.0], [285.0, 251.0], [302.0, 271.0], [305.0, 272.0]]]
checkmark;[[[151.0, 146.0], [151.0, 145.0], [151.0, 139.0], [152.0, 130.0], [152.0, 126.0], [160.0, 114.0], [166.0, 109.0], [170.0, 108.0], [174.0, 109.0], [186.0, 122.0], [199.0, 136.0], [204.0, 142.0], [220.0, 159.0], [241.0, 178.0], [249.0, 183.0]]]
checkmark;[[[124.0, 198.0], [124.0, 196.0], [125.0, 190.0], [127.0, 181.0], [131.0, 170.0], [137.0, 158.0], [144.0, 144.0], [150.0, 135.0], [151.0, 134.0], [156.0, 131.0], [161.0, 132.0], [169.0, 141.0], [179.0, 157.0], [190.0, 178.0], [206.0, 203.0], [224.0, 226.0]]]
checkmark;[[[87.0, 206.0], [87.0, 205.0], [87.0, 201.0], [90.0, 193.0], [95.0, 179.0], [104.0, 164.0], [115.0, 149.0], [126.0, 136.0], [136.0, 126.0], [142.0, 125.0], [144.0, 126.0], [151.0, 137.0], [164.0, 156.0], [180.0, 181.0], [204.0, 207.0], [236.0, 236.0], [266.0, 261.0], [287.0, 277.0]]]
V;[[[122.0, 227.0], [122.0, 226.0], [124.0, 221.0], [129.0, 213.0], [134.0, 201.0], [141.0, 190.0], [149.0, 176.0], [157.0, 164.0], [166.0, 151.0], [175.0, 139.0], [181.0, 126.0], [186.0, 119.0], [190.0, 118.0], [191.0, 118.0], [191.0, 119.0], [192.0, 126.0], [192.0, 134.0], [194.0, 143.0], [196.0, 156.0], [200.0, 171.0], [205.0, 193.0], [207.0, 214.0], [210.0, 237.0], [212.0, 256.0], [215.0, 268.0], [216.0, 273.0]]]
V;[[[131.0, 211.0], [131.0, 210.0], [131.0, 209.0], [135.0, 200.0], [140.0, 191.0], [145.0, 181.0], [152.0, 169.0], [160.0, 156.0], [167.0, 145.0], [175.0, 135.0], [181.0, 128.0], [182.0, 123.0], [184.0, 121.0], [186.0, 121.0], [186.0, 122.0], [186.0, 123.0], [187.0, 127.0], [189.0, 132.0], [190.0, 139.0], [192.0, 148.0], [195.0, 161.0], [200.0, 176.0], [204.0, 186.0], [206.0, 189.0], [214.0, 203.0], [217.0, 211.0], [219.0, 213.0], [220.0, 216.0], [221.0, 217.0]]]
V;[[[142.0, 204.0], [142.0, 203.0], [142.0, 201.0], [145.0, 196.0], [147.0, 190.0], [152.0, 183.0], [156.0, 171.0], [161.0, 159.0], [165.0, 146.0], [170.0, 139.0], [172.0, 131.0], [175.0, 128.0], [176.0, 124.0], [177.0, 121.0], [180.0, 121.0], [181.0, 122.0], [182.0, 126.0], [189.0, 131.0], [194.0, 137.0], [202.0, 152.0], [210.0, 166.0], [217.0, 182.0], [224.0, 197.0], [227.0, 206.0], [231.0, 213.0], [232.0, 217.0], [232.0, 221.0], [232.0, 223.0]]]
V;[[[133.0, 231.0], [133.0, 230.0], [133.0, 229.0], [133.0, 226.0], [137.0, 218.0], [141.0, 209.0], [145.0, 196.0], [149.0, 186.0], [154.0, 174.0], [159.0, 164.0], [161.0, 158.0], [164.0, 155.0], [165.0, 154.0], [165.0, 156.0], [166.0, 157.0], [167.0, 157.0], [167.0, 159.0], [169.0, 162.0], [171.0, 167.0], [176.0, 176.0], [182.0, 189.0], [185.0, 194.0], [204.0, 221.0], [216.0, 236.0], [225.0, 247.0], [226.0, 251.0], [227.0, 251.0]]]
V;[[[144.0, 249.0], [144.0, 248.0], [144.0, 246.0], [145.0, 245.0], [147.0, 238.0], [151.0, 229.0], [155.0, 216.0], [160.0, 200.0], [165.0, 185.0], [170.0, 170.0], [174.0, 160.0], [176.0, 155.0], [176.0, 153.0], [177.0, 153.0], [179.0, 153.0], [179.0, 157.0], [182.0, 163.0], [187.0, 173.0], [196.0, 196.0], [205.0, 214.0], [214.0, 231.0], [221.0, 248.0], [226.0, 259.0], [231.0, 267.0], [232.0, 272.0], [234.0, 274.0]]]
V;[[[123.0, 242.0], [123.0, 241.0], [123.0, 238.0], [125.0, 231.0], [127.0, 221.0], [131.0, 211.0], [136.0, 198.0], [142.0, 184.0], [147.0, 173.0], [154.0, 163.0], [159.0, 153.0], [162.0, 149.0], [162.0, 151.0], [164.0, 151.0], [165.0, 154.0], [167.0, 162.0], [171.0, 173.0], [177.0, 188.0], [186.0, 208.0], [196.0, 229.0], [209.0, 248.0], [220.0, 264.0], [229.0, 274.0], [231.0, 278.0]]]
V;[[[151.0, 212.0], [151.0, 211.0], [151.0, 209.0], [152.0, 200.0], [156.0, 190.0], [161.0, 178.0], [165.0, 166.0], [171.0, 153.0], [175.0, 145.0], [180.0, 133.0], [182.0, 129.0], [182.0, 133.0], [184.0, 138.0], [185.0, 144.0], [187.0, 154.0], [191.0, 167.0], [196.0, 184.0], [200.0, 203.0], [206.0, 223.0], [207.0, 229.0], [211.0, 239.0]]]
V;[[[143.0, 212.0], [143.0, 211.0], [145.0, 203.0], [150.0, 195.0], [156.0, 185.0], [164.0, 173.0], [169.0, 163.0], [172.0, 154.0], [176.0, 145.0], [180.0, 138.0], [182.0, 136.0], [182.0, 137.0], [184.0, 139.0], [186.0, 146.0], [189.0, 157.0], [191.0, 173.0], [194.0, 183.0], [201.0, 204.0], [205.0, 216.0], [206.0, 222.0], [206.0, 226.0]]]
V;[[[151.0, 236.0], [151.0, 235.0], [151.0, 230.0], [154.0, 223.0], [159.0, 213.0], [164.0, 200.0], [171.0, 189.0], [176.0, 179.0], [180.0, 173.0], [184.0, 166.0], [187.0, 164.0], [189.0, 166.0], [191.0, 169.0], [192.0, 173.0], [196.0, 179.0], [199.0, 187.0], [201.0, 194.0], [202.0, 204.0], [206.0, 216.0], [210.0, 227.0], [212.0, 236.0], [214.0, 243.0], [215.0, 249.0]]]
triangle;[[[160.0, 194.0], [160.0, 193.0], [160.0, 192.0], [160.0, 190.0], [159.0, 189.0], [159.0, 188.0], [159.0, 189.0], [159.0, 190.0], [159.0, 191.0], [159.0, 194.0], [161.0, 202.0], [163.0, 214.0], [168.0, 232.0], [180.0, 268.0], [187.0, 299.0], [192.0, 321.0], [196.0, 337.0], [198.0, 349.0], [198.0, 353.0], [198.0, 355.0], [199.0, 355.0], [200.0, 355.0], [200.0, 354.0], [201.0, 352.0], [201.0, 351.0], [201.0, 350.0], [200.0, 348.0], [200.0, 343.0], [201.0, 337.0], [202.0, 332.0], [205.0, 324.0], [209.0, 311.0], [220.0, 285.0], [231.0, 255.0], [239.0, 234.0], [248.0, 216.0], [254.0, 203.0], [260.0, 191.0], [265.0, 180.0], [268.0, 171.0], [268.0, 170.0], [267.0, 169.0], [266.0, 169.0], [264.0, 170.0], [263.0, 172.0], [261.0, 173.0], [253.0, 181.0], [248.0, 186.0], [241.0, 191.0], [229.0, 196.0], [220.0, 199.0], [214.0, 200.0], [199.0, 201.0], [191.0, 202.0], [181.0, 202.0], [176.0, 203.0], [172.0, 203.0], [169.0, 204.0], [168.0, 205.0], [166.0, 205.0], [165.0, 205.0], [164.0, 205.0], [163.0, 204.0], [161.0, 203.0], [160.0, 203.0], [159.0, 203.0], [157.0, 202.0], [158.0, 202.0], [159.0, 202.0]]]
triangle;[[[115.0, 170.0], [116.0, 170.0], [117.0, 170.0], [118.0, 172.0], [119.0, 174.0], [122.0, 180.0], [123.0, 183.0], [127.0, 194.0], [131.0, 203.0], [135.0, 213.0], [142.0, 236.0], [150.0, 256.0], [159.0, 277.0], [169.0, 298.0], [178.0, 318.0], [181.0, 323.0], [183.0, 325.0], [182.0, 324.0], [182.0, 323.0], [181.0, 321.0], [181.0, 318.0], [181.0, 314.0], [188.0, 294.0], [198.0, 274.0], [206.0, 258.0], [214.0, 245.0], [220.0, 231.0], [223.0, 220.0], [225.0, 212.0], [227.0, 204.0], [230.0, 195.0], [231.0, 190.0], [231.0, 187.0], [232.0, 185.0], [232.0, 183.0], [232.0, 182.0], [232.0, 181.0], [231.0, 180.0], [230.0, 179.0], [230.0, 178.0], [230.0, 177.0], [229.0, 175.0], [229.0, 173.0], [228.0, 172.0], [228.0, 171.0], [228.0, 170.0], [228.0, 169.0], [227.0, 169.0], [226.0, 169.0], [225.0, 168.0], [223.0, 168.0], [222.0, 168.0], [216.0, 168.0], [210.0, 167.0], [201.0, 166.0], [196.0, 165.0], [173.0, 163.0], [163.0, 160.0], [156.0, 158.0], [147.0, 157.0], [132.0, 155.0], [126.0, 154.0], [119.0, 154.0], [115.0, 154.0], [113.0, 154.0], [111.0, 155.0], [110.0, 156.0], [110.0, 157.0], [111.0, 158.0], [112.0, 159.0], [112.0, 160.0], [114.0, 160.0]]]
triangle;[[[150.0, 102.0], [150.0, 103.0], [150.0, 104.0], [150.0, 107.0], [150.0, 109.0], [150.0, 113.0], [150.0, 119.0], [151.0, 124.0], [153.0, 133.0], [154.0, 139.0], [156.0, 146.0], [159.0, 153.0], [168.0, 180.0], [173.0, 201.0], [178.0, 220.0], [181.0, 235.0], [184.0, 249.0], [185.0, 255.0], [185.0, 258.0], [186.0, 259.0], [186.0, 258.0], [186.0, 257.0], [186.0, 255.0], [186.0, 253.0], [186.0, 245.0], [186.0, 240.0], [187.0, 236.0], [189.0, 228.0], [197.0, 216.0], [204.0, 203.0], [210.0, 191.0], [215.0, 183.0], [220.0, 176.0], [226.0, 165.0], [229.0, 158.0], [232.0, 151.0], [235.0, 143.0], [236.0, 137.0], [238.0, 134.0], [239.0, 130.0], [239.0, 128.0], [239.0, 127.0], [239.0, 125.0], [239.0, 124.0], [239.0, 123.0], [239.0, 122.0], [239.0, 121.0], [239.0, 120.0], [239.0, 119.0], [239.0, 116.0], [239.0, 113.0], [239.0, 108.0], [239.0, 105.0], [239.0, 101.0], [239.0, 99.0], [239.0, 98.0], [237.0, 98.0], [234.0, 98.0], [233.0, 100.0], [230.0, 102.0], [223.0, 106.0], [218.0, 109.0], [215.0, 110.0], [210.0, 112.0], [203.0, 113.0], [198.0, 113.0], [190.0, 114.0], [183.0, 115.0], [171.0, 116.0], [165.0, 116.0], [159.0, 117.0], [155.0, 117.0], [152.0, 118.0], [151.0, 118.0], [150.0, 118.0], [149.0, 118.0], [148.0, 118.0], [148.0, 117.0]]]
triangle;[[[134.0, 99.0], [134.0, 100.0], [134.0, 102.0], [135.0, 102.0], [136.0, 105.0], [136.0, 106.0], [139.0, 110.0], [140.0, 115.0], [143.0, 124.0], [149.0, 141.0], [154.0, 157.0], [159.0, 171.0], [163.0, 183.0], [168.0, 201.0], [171.0, 215.0], [174.0, 226.0], [175.0, 231.0], [178.0, 244.0], [179.0, 249.0], [181.0, 252.0], [181.0, 254.0], [182.0, 253.0], [182.0, 249.0], [182.0, 243.0], [183.0, 240.0], [184.0, 237.0], [186.0, 232.0], [191.0, 225.0], [197.0, 216.0], [201.0, 208.0], [208.0, 195.0], [218.0, 174.0], [224.0, 158.0], [229.0, 144.0], [233.0, 128.0], [236.0, 110.0], [237.0, 102.0], [239.0, 99.0], [239.0, 96.0], [239.0, 95.0], [239.0, 94.0], [239.0, 93.0], [239.0, 94.0], [239.0, 95.0], [238.0, 95.0], [237.0, 96.0], [234.0, 98.0], [231.0, 101.0], [227.0, 105.0], [224.0, 109.0], [217.0, 113.0], [210.0, 117.0], [198.0, 119.0], [192.0, 119.0], [183.0, 119.0], [176.0, 118.0], [164.0, 116.0], [157.0, 115.0], [153.0, 114.0], [149.0, 114.0], [147.0, 114.0], [145.0, 114.0], [144.0, 114.0], [143.0, 114.0], [142.0, 114.0], [143.0, 114.0], [143.0, 113.0]]]
triangle;[[[156.0, 130.0], [156.0, 129.0], [156.0, 131.0], [156.0, 132.0], [156.0, 135.0], [156.0, 139.0], [158.0, 154.0], [161.0, 166.0], [162.0, 177.0], [164.0, 188.0], [167.0, 204.0], [167.0, 211.0], [167.0, 215.0], [168.0, 221.0], [169.0, 223.0], [169.0, 227.0], [169.0, 229.0], [169.0, 230.0], [169.0, 229.0], [170.0, 227.0], [171.0, 223.0], [172.0, 220.0], [175.0, 214.0], [177.0, 208.0], [181.0, 200.0], [189.0, 186.0], [194.0, 179.0], [198.0, 172.0], [205.0, 162.0], [209.0, 155.0], [213.0, 150.0], [217.0, 146.0], [218.0, 142.0], [220.0, 136.0], [221.0, 135.0], [221.0, 133.0], [221.0, 132.0], [221.0, 131.0], [220.0, 131.0], [219.0, 131.0], [217.0, 131.0], [216.0, 132.0], [213.0, 133.0], [209.0, 133.0], [206.0, 134.0], [203.0, 135.0], [201.0, 137.0], [197.0, 137.0], [195.0, 138.0], [193.0, 138.0], [189.0, 138.0], [184.0, 138.0], [182.0, 138.0], [177.0, 138.0], [175.0, 138.0], [172.0, 138.0], [170.0, 139.0], [169.0, 139.0], [168.0, 138.0], [167.0, 138.0], [166.0, 138.0], [165.0, 138.0], [164.0, 138.0], [163.0, 138.0], [162.0, 138.0], [159.0, 138.0], [158.0, 138.0], [157.0, 138.0], [156.0, 138.0], [155.0, 138.0], [154.0, 138.0], [153.0, 138.0], [152.0, 138.0], [151.0, 138.0]]]
triangle;[[[137.0, 140.0], [137.0, 141.0], [138.0, 144.0], [140.0, 148.0], [141.0, 154.0], [143.0, 158.0], [147.0, 178.0], [148.0, 190.0], [149.0, 201.0], [149.0, 209.0], [150.0, 222.0], [151.0, 229.0], [152.0, 234.0], [153.0, 239.0], [155.0, 242.0], [156.0, 242.0], [156.0, 241.0], [156.0, 240.0], [156.0, 238.0], [157.0, 236.0], [157.0, 233.0], [158.0, 227.0], [161.0, 222.0], [164.0, 216.0], [167.0, 209.0], [177.0, 199.0], [193.0, 180.0], [202.0, 168.0], [211.0, 157.0], [217.0, 146.0], [224.0, 136.0], [226.0, 133.0], [228.0, 130.0], [228.0, 129.0], [228.0, 127.0], [227.0, 126.0], [226.0, 126.0], [225.0, 126.0], [222.0, 125.0], [221.0, 125.0], [218.0, 126.0], [214.0, 128.0], [208.0, 129.0], [201.0, 134.0], [193.0, 135.0], [184.0, 137.0], [175.0, 139.0], [166.0, 140.0], [151.0, 140.0], [143.0, 141.0], [135.0, 142.0], [131.0, 143.0], [127.0, 145.0], [125.0, 145.0], [125.0, 146.0]]]
triangle;[[[136.0, 109.0], [136.0, 111.0], [136.0, 115.0], [136.0, 125.0], [138.0, 134.0], [141.0, 147.0], [144.0, 158.0], [148.0, 173.0], [152.0, 189.0], [154.0, 207.0], [156.0, 218.0], [158.0, 245.0], [159.0, 256.0], [160.0, 262.0], [160.0, 265.0], [160.0, 268.0], [160.0, 267.0], [160.0, 266.0], [161.0, 266.0], [161.0, 265.0], [161.0, 264.0], [162.0, 263.0], [162.0, 260.0], [162.0, 256.0], [162.0, 255.0], [163.0, 250.0], [167.0, 241.0], [174.0, 231.0], [180.0, 218.0], [188.0, 204.0], [197.0, 188.0], [208.0, 164.0], [214.0, 148.0], [219.0, 137.0], [222.0, 125.0], [224.0, 119.0], [225.0, 116.0], [225.0, 114.0], [225.0, 113.0], [225.0, 111.0], [224.0, 111.0], [222.0, 111.0], [221.0, 111.0], [218.0, 111.0], [216.0, 111.0], [209.0, 111.0], [201.0, 115.0], [193.0, 117.0], [186.0, 119.0], [175.0, 120.0], [170.0, 121.0], [165.0, 121.0], [160.0, 121.0], [152.0, 121.0], [147.0, 121.0], [140.0, 121.0], [136.0, 121.0], [133.0, 121.0], [132.0, 122.0], [131.0, 122.0], [130.0, 123.0], [129.0, 123.0], [128.0, 123.0], [129.0, 122.0]]]
cercle;[[[209.0, 241.0], [208.0, 241.0], [207.0, 241.0], [204.0, 241.0], [202.0, 241.0], [198.0, 241.0], [192.0, 241.0], [185.0, 241.0], [173.0, 240.0], [169.0, 240.0], [161.0, 237.0], [156.0, 235.0], [152.0, 233.0], [149.0, 231.0], [148.0, 229.0], [146.0, 228.0], [144.0, 225.0], [142.0, 221.0], [139.0, 219.0], [137.0, 212.0], [135.0, 210.0], [135.0, 208.0], [134.0, 206.0], [134.0, 203.0], [134.0, 202.0], [133.0, 198.0], [133.0, 197.0], [133.0, 193.0], [134.0, 190.0], [134.0, 189.0], [134.0, 187.0], [135.0, 184.0], [135.0, 182.0], [136.0, 180.0], [136.0, 174.0], [137.0, 167.0], [138.0, 162.0], [138.0, 158.0], [140.0, 154.0], [142.0, 150.0], [142.0, 149.0], [144.0, 148.0], [144.0, 147.0], [145.0, 147.0], [146.0, 147.0], [147.0, 145.0], [148.0, 145.0], [152.0, 144.0], [153.0, 144.0], [157.0, 143.0], [162.0, 141.0], [169.0, 139.0], [176.0, 137.0], [178.0, 136.0], [180.0, 136.0], [181.0, 136.0], [183.0, 136.0], [185.0, 136.0], [186.0, 136.0], [188.0, 136.0], [191.0, 137.0], [192.0, 138.0], [194.0, 139.0], [196.0, 140.0], [197.0, 141.0], [199.0, 143.0], [201.0, 144.0], [202.0, 145.0], [204.0, 146.0], [205.0, 148.0], [206.0, 149.0], [211.0, 151.0], [215.0, 154.0], [223.0, 157.0], [226.0, 160.0], [229.0, 163.0], [230.0, 164.0], [232.0, 166.0], [232.0, 168.0], [232.0, 169.0], [232.0, 170.0], [232.0, 172.0], [232.0, 174.0], [232.0, 175.0], [232.0, 177.0], [232.0, 179.0], [232.0, 181.0], [232.0, 182.0], [231.0, 184.0], [230.0, 185.0], [230.0, 186.0], [230.0, 188.0], [229.0, 189.0], [229.0, 190.0], [229.0, 194.0], [229.0, 196.0], [229.0, 199.0], [229.0, 202.0], [227.0, 207.0], [227.0, 208.0], [227.0, 209.0], [227.0, 210.0], [227.0, 211.0], [227.0, 213.0], [227.0, 214.0], [227.0, 219.0], [227.0, 227.0], [226.0, 233.0], [224.0, 239.0], [223.0, 244.0], [221.0, 245.0], [221.0, 246.0], [220.0, 247.0], [218.0, 247.0], [217.0, 247.0], [216.0, 247.0], [215.0, 247.0], [213.0, 247.0], [212.0, 247.0], [212.0, 246.0], [209.0, 246.0], [209.0, 245.0], [208.0, 245.0], [206.0, 244.0], [206.0, 243.0], [205.0, 243.0], [204.0, 243.0]]]
cercle;[[[201.0, 241.0], [199.0, 241.0], [198.0, 241.0], [194.0, 241.0], [191.0, 241.0], [189.0, 241.0], [185.0, 241.0], [182.0, 241.0], [179.0, 240.0], [173.0, 238.0], [168.0, 237.0], [163.0, 234.0], [156.0, 231.0], [150.0, 226.0], [145.0, 223.0], [142.0, 218.0], [141.0, 214.0], [138.0, 207.0], [137.0, 203.0], [136.0, 202.0], [135.0, 197.0], [135.0, 195.0], [134.0, 191.0], [134.0, 189.0], [134.0, 185.0], [134.0, 184.0], [134.0, 182.0], [135.0, 180.0], [135.0, 174.0], [135.0, 169.0], [135.0, 162.0], [136.0, 158.0], [137.0, 153.0], [139.0, 151.0], [139.0, 150.0], [142.0, 149.0], [143.0, 149.0], [147.0, 148.0], [150.0, 147.0], [153.0, 147.0], [156.0, 146.0], [161.0, 144.0], [165.0, 144.0], [169.0, 143.0], [173.0, 142.0], [174.0, 142.0], [175.0, 142.0], [177.0, 142.0], [178.0, 142.0], [179.0, 142.0], [182.0, 142.0], [183.0, 142.0], [189.0, 144.0], [192.0, 145.0], [195.0, 147.0], [198.0, 149.0], [200.0, 151.0], [200.0, 152.0], [201.0, 155.0], [202.0, 157.0], [203.0, 163.0], [204.0, 167.0], [205.0, 169.0], [206.0, 173.0], [207.0, 175.0], [207.0, 176.0], [209.0, 177.0], [210.0, 180.0], [213.0, 184.0], [214.0, 185.0], [216.0, 190.0], [217.0, 193.0], [217.0, 195.0], [218.0, 196.0], [218.0, 198.0], [218.0, 199.0], [218.0, 204.0], [218.0, 206.0], [218.0, 210.0], [217.0, 214.0], [217.0, 220.0], [216.0, 223.0], [216.0, 226.0], [215.0, 227.0], [214.0, 229.0], [213.0, 231.0], [212.0, 231.0], [212.0, 233.0], [211.0, 234.0], [210.0, 235.0], [209.0, 237.0], [208.0, 237.0], [207.0, 239.0], [206.0, 239.0], [205.0, 240.0], [204.0, 240.0], [204.0, 241.0], [202.0, 241.0], [201.0, 242.0], [200.0, 242.0], [199.0, 242.0], [198.0, 242.0]]]
cercle;[[[188.0, 251.0], [188.0, 252.0], [187.0, 252.0], [184.0, 252.0], [181.0, 252.0], [173.0, 252.0], [167.0, 251.0], [162.0, 250.0], [156.0, 248.0], [148.0, 244.0], [144.0, 241.0], [139.0, 237.0], [134.0, 232.0], [129.0, 223.0], [128.0, 217.0], [126.0, 213.0], [125.0, 207.0], [123.0, 202.0], [122.0, 197.0], [122.0, 193.0], [121.0, 188.0], [123.0, 181.0], [124.0, 179.0], [125.0, 176.0], [127.0, 173.0], [130.0, 167.0], [135.0, 159.0], [136.0, 153.0], [139.0, 149.0], [144.0, 142.0], [146.0, 140.0], [149.0, 138.0], [152.0, 136.0], [157.0, 133.0], [161.0, 131.0], [166.0, 129.0], [173.0, 128.0], [178.0, 127.0], [183.0, 126.0], [187.0, 126.0], [191.0, 126.0], [197.0, 126.0], [202.0, 127.0], [208.0, 128.0], [210.0, 129.0], [214.0, 131.0], [215.0, 133.0], [216.0, 135.0], [217.0, 140.0], [217.0, 143.0], [218.0, 149.0], [218.0, 151.0], [219.0, 155.0], [219.0, 157.0], [219.0, 158.0], [220.0, 160.0], [220.0, 162.0], [222.0, 164.0], [223.0, 167.0], [225.0, 170.0], [228.0, 175.0], [229.0, 179.0], [230.0, 185.0], [231.0, 190.0], [232.0, 196.0], [232.0, 202.0], [233.0, 211.0], [233.0, 215.0], [233.0, 219.0], [234.0, 224.0], [233.0, 226.0], [233.0, 229.0], [233.0, 230.0], [231.0, 232.0], [231.0, 233.0], [230.0, 234.0], [230.0, 236.0], [229.0, 237.0], [226.0, 239.0], [224.0, 240.0], [221.0, 241.0], [218.0, 241.0], [215.0, 243.0], [212.0, 245.0], [208.0, 245.0], [205.0, 246.0], [204.0, 246.0], [203.0, 246.0], [202.0, 246.0], [201.0, 247.0], [200.0, 247.0], [199.0, 247.0], [198.0, 248.0], [197.0, 248.0], [195.0, 248.0], [194.0, 248.0], [193.0, 248.0], [192.0, 250.0], [190.0, 251.0], [189.0, 251.0], [188.0, 251.0], [187.0, 251.0], [186.0, 251.0], [185.0, 251.0], [184.0, 252.0]]]
cercle;[[[213.0, 219.0], [212.0, 219.0], [210.0, 220.0], [209.0, 220.0], [208.0, 220.0], [207.0, 220.0], [206.0, 220.0], [205.0, 219.0], [204.0, 218.0], [203.0, 216.0], [201.0, 214.0], [197.0, 212.0], [194.0, 209.0], [189.0, 203.0], [186.0, 200.0], [184.0, 198.0], [181.0, 194.0], [179.0, 192.0], [178.0, 191.0], [177.0, 188.0], [177.0, 187.0], [176.0, 185.0], [176.0, 183.0], [175.0, 180.0], [174.0, 176.0], [170.0, 167.0], [168.0, 160.0], [166.0, 154.0], [165.0, 148.0], [165.0, 143.0], [165.0, 139.0], [165.0, 135.0], [166.0, 132.0], [168.0, 128.0], [169.0, 125.0], [171.0, 123.0], [173.0, 119.0], [175.0, 116.0], [177.0, 115.0], [181.0, 112.0], [185.0, 108.0], [191.0, 104.0], [197.0, 100.0], [201.0, 97.0], [207.0, 95.0], [210.0, 95.0], [215.0, 94.0], [219.0, 94.0], [226.0, 96.0], [227.0, 97.0], [230.0, 99.0], [232.0, 101.0], [236.0, 106.0], [238.0, 110.0], [241.0, 113.0], [244.0, 117.0], [247.0, 121.0], [252.0, 127.0], [254.0, 131.0], [259.0, 136.0], [265.0, 139.0], [272.0, 146.0], [276.0, 149.0], [278.0, 152.0], [279.0, 156.0], [279.0, 159.0], [279.0, 161.0], [279.0, 167.0], [279.0, 171.0], [278.0, 180.0], [276.0, 186.0], [275.0, 190.0], [273.0, 194.0], [270.0, 198.0], [268.0, 199.0], [267.0, 201.0], [264.0, 202.0], [261.0, 204.0], [256.0, 206.0], [254.0, 206.0], [251.0, 207.0], [247.0, 208.0], [242.0, 210.0], [240.0, 210.0], [238.0, 210.0], [236.0, 212.0], [235.0, 212.0], [233.0, 212.0], [232.0, 212.0], [231.0, 212.0], [230.0, 212.0], [229.0, 213.0], [228.0, 213.0], [227.0, 214.0], [226.0, 214.0], [226.0, 215.0], [224.0, 216.0], [222.0, 216.0], [222.0, 217.0], [220.0, 218.0], [218.0, 219.0], [215.0, 220.0], [214.0, 220.0], [212.0, 221.0], [211.0, 221.0], [210.0, 222.0]]]
carré;[[[140.0, 289.0], [138.0, 289.0], [137.0, 289.0], [137.0, 288.0], [137.0, 287.0], [137.0, 283.0], [137.0, 273.0], [137.0, 262.0], [137.0, 249.0], [137.0, 236.0], [137.0, 219.0], [137.0, 203.0], [137.0, 188.0], [138.0, 174.0], [139.0, 163.0], [139.0, 154.0], [141.0, 151.0], [143.0, 151.0], [148.0, 151.0], [156.0, 151.0], [170.0, 151.0], [189.0, 151.0], [208.0, 151.0], [238.0, 151.0], [259.0, 151.0], [273.0, 148.0], [283.0, 148.0], [286.0, 148.0], [286.0, 149.0], [288.0, 150.0], [288.0, 154.0], [288.0, 165.0], [288.0, 175.0], [287.0, 190.0], [286.0, 204.0], [282.0, 220.0], [278.0, 239.0], [276.0, 252.0], [276.0, 260.0], [276.0, 267.0], [276.0, 274.0], [276.0, 275.0], [275.0, 277.0], [273.0, 282.0], [273.0, 291.0], [273.0, 297.0], [273.0, 304.0], [272.0, 306.0], [271.0, 306.0], [263.0, 306.0], [255.0, 304.0], [245.0, 303.0], [236.0, 302.0], [227.0, 302.0], [221.0, 302.0], [212.0, 302.0], [205.0, 302.0], [192.0, 302.0], [180.0, 302.0], [167.0, 302.0], [157.0, 302.0], [150.0, 302.0], [141.0, 301.0], [135.0, 298.0], [131.0, 297.0], [130.0, 297.0], [130.0, 296.0], [128.0, 296.0], [127.0, 294.0], [126.0, 295.0], [123.0, 295.0]]]
carré;[[[121.0, 299.0], [120.0, 299.0], [120.0, 297.0], [120.0, 289.0], [120.0, 286.0], [120.0, 263.0], [120.0, 246.0], [120.0, 229.0], [120.0, 207.0], [120.0, 188.0], [120.0, 181.0], [123.0, 167.0], [123.0, 162.0], [125.0, 159.0], [126.0, 159.0], [130.0, 159.0], [138.0, 159.0], [150.0, 159.0], [165.0, 159.0], [169.0, 159.0], [196.0, 159.0], [210.0, 159.0], [219.0, 159.0], [230.0, 159.0], [235.0, 159.0], [238.0, 159.0], [243.0, 159.0], [249.0, 159.0], [258.0, 159.0], [263.0, 159.0], [268.0, 159.0], [270.0, 159.0], [273.0, 159.0], [274.0, 160.0], [278.0, 164.0], [278.0, 169.0], [278.0, 174.0], [278.0, 191.0], [278.0, 209.0], [278.0, 224.0], [278.0, 242.0], [278.0, 255.0], [278.0, 264.0], [278.0, 269.0], [278.0, 272.0], [278.0, 275.0], [278.0, 280.0], [278.0, 286.0], [278.0, 294.0], [278.0, 296.0], [277.0, 299.0], [276.0, 304.0], [273.0, 310.0], [272.0, 312.0], [272.0, 314.0], [272.0, 315.0], [271.0, 316.0], [270.0, 317.0], [266.0, 317.0], [262.0, 317.0], [252.0, 317.0], [237.0, 317.0], [218.0, 317.0], [197.0, 317.0], [166.0, 316.0], [147.0, 312.0], [135.0, 311.0], [125.0, 307.0], [116.0, 307.0], [111.0, 306.0], [110.0, 306.0], [110.0, 304.0]]]
carré;[[[138.0, 224.0], [138.0, 225.0]], [[135.0, 245.0], [133.0, 246.0], [132.0, 246.0], [132.0, 244.0], [132.0, 242.0], [132.0, 231.0], [132.0, 224.0], [132.0, 202.0], [134.0, 187.0], [135.0, 179.0], [136.0, 169.0], [136.0, 163.0], [136.0, 153.0], [136.0, 144.0], [136.0, 137.0], [136.0, 131.0], [136.0, 124.0], [136.0, 119.0], [136.0, 116.0], [138.0, 113.0], [139.0, 113.0], [145.0, 113.0], [159.0, 116.0], [169.0, 116.0], [191.0, 116.0], [210.0, 116.0], [233.0, 117.0], [249.0, 120.0], [265.0, 119.0], [275.0, 119.0], [280.0, 119.0], [283.0, 120.0], [284.0, 122.0], [283.0, 132.0], [280.0, 145.0], [278.0, 161.0], [276.0, 172.0], [272.0, 196.0], [271.0, 204.0], [266.0, 217.0], [265.0, 226.0], [263.0, 229.0], [262.0, 234.0], [261.0, 239.0], [260.0, 245.0], [258.0, 247.0], [257.0, 249.0], [256.0, 249.0], [250.0, 249.0], [240.0, 249.0], [226.0, 247.0], [216.0, 247.0], [202.0, 244.0], [188.0, 244.0], [177.0, 244.0], [153.0, 249.0], [130.0, 255.0], [113.0, 256.0], [112.0, 254.0], [112.0, 251.0], [111.0, 251.0]]]
carré;[[[117.0, 285.0], [117.0, 284.0], [117.0, 279.0], [117.0, 266.0], [119.0, 251.0], [120.0, 243.0], [126.0, 218.0], [129.0, 193.0], [131.0, 178.0], [133.0, 164.0], [133.0, 158.0], [134.0, 156.0], [136.0, 153.0], [140.0, 151.0], [145.0, 151.0], [153.0, 151.0], [159.0, 151.0], [171.0, 149.0], [184.0, 147.0], [196.0, 147.0], [210.0, 143.0], [221.0, 141.0], [235.0, 139.0], [250.0, 140.0], [256.0, 140.0], [263.0, 140.0], [268.0, 142.0], [268.0, 144.0], [269.0, 144.0], [269.0, 145.0], [271.0, 147.0], [271.0, 151.0], [275.0, 157.0], [275.0, 169.0], [275.0, 182.0], [275.0, 199.0], [275.0, 216.0], [275.0, 224.0], [275.0, 241.0], [275.0, 251.0], [275.0, 261.0], [273.0, 271.0], [272.0, 280.0], [271.0, 290.0], [271.0, 295.0], [271.0, 297.0], [268.0, 300.0], [267.0, 300.0], [261.0, 300.0], [251.0, 300.0], [240.0, 300.0], [225.0, 297.0], [216.0, 294.0], [198.0, 292.0], [186.0, 292.0], [171.0, 292.0], [157.0, 292.0], [146.0, 292.0], [138.0, 292.0], [133.0, 289.0]]]
